1 2
2 3
3 4
4 5
5 6
6 7
7 8
8 9
9 10
10 11
11 12
12 13
13 14
14 15
15 16
16 17
17 18
18 19
19 20
20 21
21 22
22 23
23 24
24 25
25 26
26 27
27 28
28 29
29 30
30 31
31 32
32 33
33 34
34 35
35 36
36 37
37 38
38 39
39 40
40 41
41 42
42 43
43 44
44 45
45 46
46 47
47 48
48 49
49 50
50 51
51 101
50 52
52 102
50 53
53 103
50 54
54 104
50 55
55 105
50 56
56 106
50 57
57 107
50 58
58 108
50 59
59 109
50 60
60 110
50 61
61 111
50 62
62 112
50 63
63 113
50 64
64 114
50 65
65 115
50 66
66 116
50 67
67 117
50 68
68 118
50 69
69 119
50 70
70 120
50 71
71 121
50 72
72 122
50 73
73 123
50 74
74 124
50 75
75 125
50 76
76 126
50 77
77 127
50 78
78 128
50 79
79 129
50 80
80 130
50 81
81 131
50 82
82 132
50 83
83 133
50 84
84 134
50 85
85 135
50 86
86 136
50 87
87 137
50 88
88 138
50 89
89 139
50 90
90 140
50 91
91 141
50 92
92 142
50 93
93 143
50 94
94 144
50 95
95 145
50 96
96 146
50 97
97 147
50 98
98 148
50 99
99 149
50 100
100 150
69 70
70 53
52 54
59 21
86 9
94 43
59 96
15 69
15 40
93 2
77 52
74 66
39 81
8 18
61 68
63 15
51 50
93 77
28 91
23 22
42 1
95 96
53 53
1 46
10 49
34 26
80 21
88 94
11 10
80 24
10 100
20 110
30 120
30 130
40 140
50 150
60 160
80 100
90 100
56 100
12 10
10 12
100 56
100 90
40 140
10 150
11 180
10 190
24 48
25 49
16 48
